14 0.49375 0.54375 0.00703125 0.0203125
14 0.49140625 0.44453125 0.0046875 0.0203125
14 0.5109375 0.4046875 0.0046875 0.0203125
14 0.2 0.32890625 0.00625 0.01640625
14 0.23125 0.5109375 0.00703125 0.021875
14 0.40546875 0.21796875 0.003125 0.01171875
14 0.79609375 0.421875 0.00703125 0.0203125
14 0.903125 0.5046875 0.00859375 0.02109375
5 0.5921875 0.2953125 0.003125 0.01171875
20 0.4703125 0.23359375 0.00390625 0.01328125
15 0.23984375 0.321875 0.01015625 0.01015625
20 0.7234375 0.359375 0.00703125 0.01484375