14 0.28046875 0.38671875 0.021875 0.028125
13 0.3453125 0.37109375 0.01015625 0.0140625
20 0.5796875 0.3609375 0.00859375 0.02109375
20 0.68984375 0.41484375 0.01171875 0.040625
20 0.7015625 0.41015625 0.01015625 0.03515625
14 0.76328125 0.4 0.01796875 0.0625
14 0.89921875 0.36796875 0.0109375 0.021875
14 0.92265625 0.3625 0.00859375 0.02578125
14 0.62578125 0.3296875 0.00859375 0.02265625
20 0.46640625 0.33359375 0.00703125 0.0203125
5 0.95 0.3671875 0.00703125 0.01328125
5 0.59765625 0.3828125 0.01484375 0.05390625