11 0.23671875 0.24375 0.00703125 0.01171875
11 0.28671875 0.25859375 0.00625 0.00859375
11 0.29921875 0.290625 0.00703125 0.0109375
11 0.30703125 0.28671875 0.00546875 0.015625
11 0.3671875 0.3734375 0.0046875 0.01015625
20 0.20390625 0.2359375 0.00859375 0.01875
13 0.26796875 0.24609375 0.00859375 0.0125
5 0.3234375 0.64296875 0.00703125 0.0234375
5 0.578125 0.58828125 0.00625 0.021875
5 0.61875 0.6265625 0.00703125 0.02265625
15 0.553125 0.58203125 0.01484375 0.02265625
15 0.609375 0.5015625 0.0140625 0.02265625
20 0.70390625 0.7140625 0.02734375 0.046875
20 0.61484375 0.43203125 0.00703125 0.02265625
20 0.65390625 0.371875 0.00703125 0.0203125
14 0.53125 0.27578125 0.0046875 0.01640625
14 0.53671875 0.275 0.0046875 0.0171875
14 0.53046875 0.353125 0.0046875 0.015625
14 0.6265625 0.3921875 0.0046875 0.01953125
14 0.63125 0.3921875 0.00390625 0.01640625
14 0.78828125 0.29453125 0.00390625 0.01484375