20 0.43515625 0.3359375 0.0109375 0.040625
20 0.459375 0.31015625 0.0078125 0.01953125
5 0.32890625 0.31640625 0.00625 0.01875
5 0.30703125 0.32578125 0.00625 0.01875
5 0.440625 0.65859375 0.02421875 0.08359375
5 0.89453125 0.80703125 0.02578125 0.065625
15 0.92265625 0.771875 0.03125 0.06015625
15 0.97734375 0.53671875 0.03359375 0.0328125
15 0.89609375 0.965625 0.02578125 0.06640625
14 0.75390625 0.3796875 0.00859375 0.02265625
14 0.6046875 0.35703125 0.00625 0.02890625
14 0.6265625 0.309375 0.0046875 0.02265625
14 0.7421875 0.3734375 0.00703125 0.02265625
14 0.765625 0.3484375 0.00625 0.0125
14 0.71484375 0.3015625 0.00390625 0.01171875
14 0.815625 0.30390625 0.00703125 0.0203125
14 0.85234375 0.35390625 0.00546875 0.0203125
20 0.8109375 0.26875 0.00390625 0.0125
5 0.0703125 0.25078125 0.00546875 0.0078125
20 0.484375 0.284375 0.003125 0.01015625
20 0.45 0.2890625 0.00390625 0.009375
14 0.42578125 0.2859375 0.00234375 0.00390625
20 0.625 0.26875 0.00390625 0.01328125
15 0.66953125 0.27890625 0.0078125 0.0109375
20 0.6296875 0.27265625 0.00390625 0.0109375
5 0.75234375 0.275 0.00546875 0.01328125
20 0.890625 0.47109375 0.01484375 0.0359375