13 0.24296875 0.3828125 0.0140625 0.021875
13 0.19921875 0.45 0.0203125 0.0265625
13 0.2421875 0.4484375 0.0109375 0.01953125
13 0.24609375 0.4703125 0.01640625 0.0171875
14 0.3546875 0.4109375 0.02890625 0.121875
14 0.84453125 0.459375 0.02734375 0.07578125
14 0.78046875 0.4015625 0.0046875 0.01875
20 0.659375 0.44453125 0.01171875 0.03828125
20 0.66796875 0.44453125 0.00625 0.03046875
5 0.64140625 0.42890625 0.01640625 0.0609375
20 0.39609375 0.3453125 0.00703125 0.02265625
14 0.5515625 0.35078125 0.00390625 0.01640625