14 0.4828125 0.525 0.01015625 0.02421875
14 0.478125 0.42890625 0.00546875 0.01875
14 0.496875 0.384375 0.00625 0.01953125
14 0.878125 0.47265625 0.00859375 0.02421875
20 0.77734375 0.3921875 0.0078125 0.0203125
20 0.7078125 0.33671875 0.0046875 0.01875
5 0.578125 0.27265625 0.00703125 0.0125
20 0.3875 0.196875 0.00703125 0.015625
20 0.45390625 0.21171875 0.00546875 0.015625
15 0.21875 0.30546875 0.01171875 0.01328125
14 0.1765625 0.31171875 0.00859375 0.0171875
14 0.22109375 0.26796875 0.00625 0.0140625
20 0.2140625 0.50234375 0.00859375 0.01875