20 0.20703125 0.484375 0.0109375 0.02578125
20 0.13203125 0.46796875 0.00703125 0.01875
20 0.525 0.33203125 0.00546875 0.01796875
20 0.57421875 0.36875 0.009375 0.02421875
5 0.7109375 0.39921875 0.00546875 0.02265625
5 0.778125 0.4109375 0.00859375 0.02421875
5 0.64453125 0.84375 0.02421875 0.07578125
5 0.44140625 0.6046875 0.02109375 0.0578125
14 0.3640625 0.4578125 0.00859375 0.03125
14 0.37578125 0.42890625 0.00703125 0.0265625
14 0.34453125 0.371875 0.0046875 0.01328125
15 0.31796875 0.3953125 0.0109375 0.0109375
15 0.36640625 0.37734375 0.01015625 0.009375
14 0.40625 0.35859375 0.00390625 0.0140625
14 0.0421875 0.59765625 0.01484375 0.04140625
15 0.23046875 0.453125 0.0125 0.0125