14 0.3125 0.41796875 0.0078125 0.028125
14 0.2390625 0.3765625 0.00546875 0.01640625
14 0.31015625 0.396875 0.00546875 0.01640625
5 0.5765625 0.56015625 0.0109375 0.04453125
5 0.42890625 0.4640625 0.0125 0.040625
5 0.59296875 0.3703125 0.00390625 0.021875
20 0.6375 0.37421875 0.00546875 0.01875
20 0.09765625 0.48359375 0.0140625 0.03671875
15 0.26640625 0.38203125 0.009375 0.01015625
15 0.11328125 0.47109375 0.01640625 0.01171875
20 0.4375 0.321875 0.00546875 0.015625
20 0.48671875 0.3484375 0.00703125 0.0234375
20 0.9125 0.61015625 0.02890625 0.053125