11 0.253125 0.20703125 0.00625 0.0078125
11 0.3140625 0.2546875 0.00703125 0.01484375
11 0.321875 0.24921875 0.00703125 0.01015625
11 0.3015625 0.225 0.00625 0.01015625
11 0.38125 0.340625 0.0046875 0.01328125
13 0.28359375 0.209375 0.009375 0.01171875
5 0.334375 0.60390625 0.00859375 0.02421875
5 0.58828125 0.565625 0.00859375 0.01875
5 0.628125 0.6015625 0.00859375 0.01953125
14 0.54609375 0.24609375 0.00625 0.01796875
14 0.5515625 0.24609375 0.00390625 0.0203125
14 0.56796875 0.2609375 0.0046875 0.02109375