13 0.19375 0.4109375 0.015625 0.028125
13 0.22578125 0.4109375 0.01640625 0.0296875
13 0.2171875 0.47578125 0.0171875 0.0234375
13 0.23125 0.5390625 0.01171875 0.0296875
13 0.78125 0.28125 0.01015625 0.02421875
13 0.82421875 0.36640625 0.01015625 0.03046875
13 0.86796875 0.3484375 0.0109375 0.03125
15 0.3453125 0.6171875 0.02265625 0.03828125
15 0.9515625 0.43125 0.01796875 0.0359375
14 0.428125 0.728125 0.0109375 0.02890625
14 0.84140625 0.21953125 0.009375 0.0296875
14 0.84140625 0.140625 0.009375 0.02890625
14 0.74296875 0.1734375 0.00703125 0.02578125
14 0.7125 0.2125 0.00703125 0.02109375
14 0.70546875 0.20390625 0.00703125 0.025
4 0.7328125 0.1484375 0.00703125 0.01953125
11 0.77578125 0.1484375 0.00859375 0.01640625
20 0.8640625 0.178125 0.00859375 0.02578125
20 0.87578125 0.19375 0.015625 0.0265625
5 0.9828125 0.37421875 0.0109375 0.025
5 0.38984375 0.51015625 0.00859375 0.028125
5 0.415625 0.4984375 0.00859375 0.025
5 0.39921875 0.50859375 0.00859375 0.028125
4 0.809375 0.2515625 0.01328125 0.03046875