13 0.20859375 0.31484375 0.015625 0.028125
13 0.240625 0.3203125 0.01640625 0.0296875
13 0.22890625 0.3921875 0.0171875 0.0234375
13 0.2421875 0.459375 0.01171875 0.0296875
15 0.353125 0.5734375 0.02265625 0.03828125
14 0.43984375 0.709375 0.0109375 0.02890625
5 0.4078125 0.4640625 0.00859375 0.028125
5 0.434375 0.4625 0.00859375 0.025
5 0.41640625 0.45625 0.00859375 0.028125
13 0.94296875 0.3765625 0.01953125 0.03203125
13 0.8921875 0.2640625 0.01796875 0.028125
13 0.99453125 0.35546875 0.0109375 0.0296875
14 0.853125 0.12578125 0.01484375 0.0359375
14 0.97734375 0.19296875 0.01640625 0.03203125
4 0.93359375 0.22890625 0.01640625 0.03984375
4 0.83984375 0.0890625 0.01171875 0.0234375
11 0.8984375 0.1 0.01171875 0.02265625
14 0.9890625 0.09453125 0.01171875 0.025
14 0.80390625 0.16015625 0.0078125 0.03359375